[[[0.9971905637175409, 0.06887998286140688, -0.0294368407561907, -0.10103790241243552], [0.05847541983636027, -0.9614263105808847, -0.26877513761095834, -0.049509049706315214], [-0.04681458007559654, 0.2662986993656568, -0.9627530305371701, 0.8395762584891792], [0.0, 0.0, 0.0, 1.0]], [[0.9963643472901595, 0.0736141744986079, -0.04288403854516159, -0.0951484809459586], [0.058022335944207935, -0.9549242132360606, -0.2911239521356295, -0.051760740193761805], [-0.06238185618135992, 0.2875772944590364, -0.9557237067955303, 0.8568311291752018], [0.0, 0.0, 0.0, 1.0]], [[0.9969741625089227, 0.05913621226816183, -0.050452231746556456, -0.08821102339810191], [0.04312504185596771, -0.960773414994845, -0.2739610844701567, -0.053375554990728526], [-0.06467418383369337, 0.2709563681438733, -0.9604165224045906, 0.8672170407320705], [0.0, 0.0, 0.0, 1.0]], [[0.9990839576651946, 0.029811532159591442, -0.030700457428985622, -0.0841791859944304], [0.019599940988184846, -0.9565255191249764, -0.29098930148023294, -0.051504744657170996], [-0.038040607898809725, 0.2901210158071832, -0.9562336055262318, 0.8862267389245482], [0.0, 0.0, 0.0, 1.0]], [[0.9982158402480206, 0.025719641823285854, -0.053885399714765574, -0.08357930904157394], [0.006424424013492056, -0.9434958955338244, -0.33132193088734946, -0.04130654602817788], [-0.05936213485070293, 0.330384616977408, -0.9419777820154032, 0.9036877467364453], [0.0, 0.0, 0.0, 1.0]], [[0.9990164915613797, 0.027780124277279973, -0.03455885246258362, -0.08596084580644489], [0.014564484667029648, -0.9417495325336934, -0.3359995442838486, -0.027155115548648873], [-0.04187989224885375, 0.33516575401987136, -0.9412279171154644, 0.9152204361567606], [0.0, 0.0, 0.0, 1.0]], [[0.9975467359064019, 0.05401557668163235, -0.04452894741888471, -0.08643031134440478], [0.03469845984597087, -0.933979939095407, -0.3556367391758865, -0.017123795048080582], [-0.060799067154033305, 0.35321918243930445, -0.9335628969652279, 0.9285710866829482], [0.0, 0.0, 0.0, 1.0]], [[0.9986880054592024, 0.05037666074585892, -0.009190201522042746, -0.08528768801114876], [0.043132990572873786, -0.9242776862507704, -0.3792760259008771, -0.011234975644700608], [-0.02760095788481807, 0.3783820169498268, -0.9252379350052728, 0.9459103404736396], [0.0, 0.0, 0.0, 1.0]], [[0.999387859349238, 0.03258164895604479, -0.01274137891488375, -0.08447571054273226], [0.025656306271618193, -0.930176515506588, -0.3662149695855142, -0.009892981722554683], [-0.023783619023279523, 0.3656638977959504, -0.930443041413513, 0.9656016312448535], [0.0, 0.0, 0.0, 1.0]], [[0.9990235224095405, 0.0320148803426142, -0.030447481161522287, -0.08423003731008384], [0.01854087058596938, -0.9293202093462367, -0.3688091438923132, -0.011072332425647485], [-0.04010284017806589, 0.3678844872202615, -0.9290063327407073, 0.9853983202819664], [0.0, 0.0, 0.0, 1.0]], [[0.994885838861968, 0.057504559163917744, -0.08303850496776446, -0.08226910142777404], [0.021808657896649826, -0.9250203612064402, -0.3792910673799921, -0.01403272004037133], [-0.09862327348382252, 0.3755403533961035, -0.9215437552815736, 1.0029115511457198], [0.0, 0.0, 0.0, 1.0]], [[0.9959662402502586, 0.05739194097013643, -0.06897400520083333, -0.07761044186569589], [0.02574541851438079, -0.9191548644933779, -0.39305407834505346, -0.020038328161822636], [-0.0859559288663882, 0.38969282799384497, -0.9169247941368344, 1.0119188923864313], [0.0, 0.0, 0.0, 1.0]], [[0.9954428802316359, 0.055528506387141234, -0.07752455852540104, -0.07100675700368857], [0.018078167636352567, -0.9081167583087072, -0.41832658669249906, -0.02726104809582594], [-0.09363040131846627, 0.41501872036969395, -0.9049822151244988, 1.015346177925571], [0.0, 0.0, 0.0, 1.0]], [[0.994199364153558, 0.05905673659504965, -0.08988840959436231, -0.06384176054573204], [0.015136602858996335, -0.90427117363481, -0.426690201184668, -0.0362160330697745], [-0.10648242845911221, 0.422854521550694, -0.8999197442181074, 1.0214311058191927], [0.0, 0.0, 0.0, 1.0]], [[0.995408990104376, 0.044007243689491646, -0.08499591120895224, -0.05549717462371939], [-0.00014787171315447725, -0.8873225106683748, -0.46114936863789396, -0.04587906469044889], [-0.09571269797337677, 0.4590447958141182, -0.8832422968147707, 1.0234838712453604], [0.0, 0.0, 0.0, 1.0]], [[0.99474982395898, 0.035612999640204535, -0.09594009584216753, -0.04787512319780411], [-0.012065069092019199, -0.890144759535064, -0.4555181019235874, -0.05469967249445492], [-0.10162293954310858, 0.4542840755836481, -0.8850416695442808, 1.0252289494534175], [0.0, 0.0, 0.0, 1.0]], [[0.9946942747473877, 0.042172173957065656, -0.0938339359107538, -0.04127936672723544], [-0.006796409189127713, -0.8831833586863375, -0.46897863891829256, -0.06387015200736865], [-0.10265041941902818, 0.46712810093512386, -0.878210811086861, 1.0274082911209592], [0.0, 0.0, 0.0, 1.0]], [[0.9941319952569144, 0.04067640780460752, -0.10023475372653892, -0.03804545818528619], [-0.008913072908543197, -0.8926561080352783, -0.45065023013267896, -0.07330698301830099], [-0.10780599768952392, 0.44889921211272227, -0.8870554459709628, 1.0391262615462695], [0.0, 0.0, 0.0, 1.0]], [[0.9924477240212957, 0.04032757362839691, -0.115849911049577, -0.037261474511466115], [-0.017528230175113766, -0.8881035668903221, -0.4593090632935684, -0.07783935617562168], [-0.12140953929521726, 0.45787087839469903, -0.8806894926625329, 1.049242479958322], [0.0, 0.0, 0.0, 1.0]], [[0.9943135602074563, 0.035472178214564845, -0.10041050024916588, -0.040256324236530805], [-0.01412730504454129, -0.8906211298816685, -0.4545265913678524, -0.07716309312407318], [-0.10555076143615481, 0.4533604830386238, -0.8850555401663975, 1.069855627794998], [0.0, 0.0, 0.0, 1.0]], [[0.9956237906384284, 0.01658794038875528, -0.09196797131842477, -0.043508345448007094], [-0.02557343394418469, -0.8981934049970043, -0.43885602046250877, -0.0721018276319835], [-0.08988474281584125, 0.43928743147687094, -0.8938385120117522, 1.084844969442174], [0.0, 0.0, 0.0, 1.0]], [[0.9970777281281288, 0.00032577584080731303, -0.0763930490355716, -0.04653057453095587], [-0.03448905817830142, -0.8903613893355733, -0.45394614355273616, -0.06609230558113006], [-0.06816530596148924, 0.45525431381869313, -0.8877482755897909, 1.0988773903329365], [0.0, 0.0, 0.0, 1.0]], [[0.9990273870452759, -0.03367326509653839, -0.028467369938697334, -0.04780361431273973], [-0.04281776064926723, -0.8950484775600105, -0.4439086191892307, -0.059648500485692806], [-0.01053182351117138, 0.44469577694784285, -0.8956197556208125, 1.118066533120753], [0.0, 0.0, 0.0, 1.0]], [[0.9980394371690595, -0.048273689226300764, 0.03983632492776082, -0.04866710497337862], [-0.026675033582686858, -0.9038602130037511, -0.42699550106784084, -0.05177071892135923], [0.05661911725407005, 0.4250957142542094, -0.9033758405470413, 1.113339641020324], [0.0, 0.0, 0.0, 1.0]], [[0.9955550598021078, -0.07260590665242109, 0.05998754222004084, -0.04878225176271641], [-0.04029021079693043, -0.9040393304583639, -0.4255462229868007, -0.04911767742322099], [0.08512826684691858, 0.4212377847529503, -0.9029462369820624, 1.1335242387512747], [0.0, 0.0, 0.0, 1.0]], [[0.9888418781578461, -0.11043929013918363, 0.0999745127260763, -0.0483913828645327], [-0.059564958965666576, -0.9082498250086195, -0.41416696033753175, -0.04933022526192874], [0.13654213878756122, 0.40359065718294984, -0.9046937745833963, 1.1399700661082806], [0.0, 0.0, 0.0, 1.0]], [[0.9836876258775546, -0.12253946605173639, 0.1316918143057332, -0.04721656431757177], [-0.05486540374238773, -0.9015869469981378, -0.4291046078461077, -0.05009586562843587], [0.17131387033035347, 0.41487956838380513, -0.8936031006940959, 1.1420681337122378], [0.0, 0.0, 0.0, 1.0]], [[0.9797707555461749, -0.16168713672039817, 0.11792597845953146, -0.04543679283161769], [-0.09217242597893247, -0.8876360259975241, -0.4512278019365395, -0.051497955713088926], [0.1776330781854461, 0.43123028090624854, -0.8845829154827043, 1.145290273025981], [0.0, 0.0, 0.0, 1.0]], [[0.9743838148819294, -0.20215984314138188, 0.09852704764271354, -0.044915485259421], [-0.14261030387029108, -0.8941885257480074, -0.42436915728010705, -0.05098167170401107], [0.1738921577477286, 0.3994474661850502, -0.9001129036027548, 1.151666609422417], [0.0, 0.0, 0.0, 1.0]], [[0.9605741163072903, -0.2617716444309211, 0.09366415137287248, -0.04482878136433185], [-0.20559078031712597, -0.895585961092161, -0.39453544497703313, -0.048023536747006317], [0.18716249124507878, 0.35972405044222683, -0.9140945297967679, 1.1474681642894193], [0.0, 0.0, 0.0, 1.0]], [[0.9352536796792594, -0.337583907446346, 0.10647844889770855, -0.04565419048779089], [-0.27943428109514007, -0.8887594190299665, -0.3633499382611186, -0.04521564764812604], [0.2172948163101164, 0.31007063795008616, -0.925548033483935, 1.143435522228106], [0.0, 0.0, 0.0, 1.0]], [[0.9128306327754839, -0.40635980551071427, 0.04014902653869121, -0.046408534633053666], [-0.36812959448907234, -0.8615031410479531, -0.34970407436262724, -0.04418131960046282], [0.17669419211740162, 0.3044405466257824, -0.9359995278001874, 1.1625199062298235], [0.0, 0.0, 0.0, 1.0]], [[0.8869625076083518, -0.45686544082753244, 0.06761271385300655, -0.047189244674914026], [-0.4081980257468226, -0.8439754548824565, -0.34796523293620424, -0.04161032559935173], [0.21603676046798254, 0.28103273925543787, -0.9350661568001938, 1.1566392155353804], [0.0, 0.0, 0.0, 1.0]], [[0.8587445520062383, -0.5114054875765381, 0.03197220161653162, -0.05030187391003913], [-0.4772748443849016, -0.8210179952738638, -0.3132701300058047, -0.04073160592445116], [0.18645781645448062, 0.253759489897598, -0.9491257050411911, 1.166730209737961], [0.0, 0.0, 0.0, 1.0]], [[0.8140227435961664, -0.5791060774540011, 0.04475627290124888, -0.054417544844008695], [-0.5436121885829652, -0.7867337986529249, -0.29246490128078234, -0.04004652920149459], [0.204579474366832, 0.21374302588149993, -0.9552283274457533, 1.1564855546656965], [0.0, 0.0, 0.0, 1.0]], [[0.7742612319458633, -0.6327544054078326, 0.011891473527443519, -0.05778139915384917], [-0.6064878510941879, -0.7472267634274405, -0.2717069202153419, -0.04049412273212019], [0.18080937802234678, 0.20316010054814437, -0.9623065740004274, 1.1707532823150342], [0.0, 0.0, 0.0, 1.0]], [[0.7313334216236343, -0.6817522529371816, 0.019112614456036348, -0.06029325866259784], [-0.6444762463475562, -0.6999731045367585, -0.307714186899038, -0.04255010785680017], [0.22316315625575797, 0.21272404316449361, -0.9512868584973299, 1.1651471453943163], [0.0, 0.0, 0.0, 1.0]], [[0.6952517837145589, -0.7182231642304581, 0.0279364207534243, -0.06254756865468518], [-0.6915765854133705, -0.679035257431637, -0.24623757973293475, -0.04520027927508663], [0.19582334832625814, 0.15187694205355445, -0.9688067974177071, 1.1618710621716917], [0.0, 0.0, 0.0, 1.0]], [[0.6531260316660064, -0.754915474823173, 0.059405493287380345, -0.06334844915227715], [-0.7272076114776025, -0.6471595286270098, -0.2288091657174307, -0.04793671118641888], [0.2111764110151844, 0.10624109553167062, -0.9716570141006426, 1.162308080275104], [0.0, 0.0, 0.0, 1.0]], [[0.5999870462001315, -0.7986715936391909, 0.04625180975784994, -0.06451286292760332], [-0.7819206965595838, -0.5976646074781078, -0.1771921027016005, -0.05012002210221492], [0.16916136876904397, 0.07014771900692424, -0.98308887127986, 1.1737993923057675], [0.0, 0.0, 0.0, 1.0]], [[0.5436228665086257, -0.8374260360979476, 0.05649613326789121, -0.06468732288309245], [-0.8062500775152849, -0.5397241825003629, -0.24219541558607582, -0.05111377414153652], [0.23331307617778674, 0.08611295424959932, -0.9685812137321602, 1.1606761528012932], [0.0, 0.0, 0.0, 1.0]], [[0.5174636878485219, -0.855602684977298, 0.013243006374908231, -0.06703196521332268], [-0.8277382053467719, -0.5044157873322997, -0.24579295534909357, -0.05108992890822857], [0.21698109403243554, 0.11622718679196666, -0.9692318844749757, 1.1512283151241913], [0.0, 0.0, 0.0, 1.0]], [[0.470996059465296, -0.8801788636637007, 0.058718650596218, -0.0675789232814123], [-0.8370756677478774, -0.4669484120763959, -0.28506754800183354, -0.04886571919693554], [0.27832901112282393, 0.08511373813321416, -0.9567071721004194, 1.1460354395504464], [0.0, 0.0, 0.0, 1.0]], [[0.44105529268999744, -0.8915857318027507, 0.1026893939795847, -0.06931231959839328], [-0.8476517427061347, -0.4514268397679133, -0.27874779178391246, -0.04403325328351344], [0.29488430252794645, 0.0358983451277121, -0.9548583962764836, 1.148504720472428], [0.0, 0.0, 0.0, 1.0]], [[0.43289050309254595, -0.8984469154938636, 0.07347756373100753, -0.07191960229468612], [-0.8523558365244063, -0.43448595495479614, -0.29105237138665985, -0.04170340568572804], [0.2934200747649377, 0.06336477717613143, -0.953881315855572, 1.1465415790734397], [0.0, 0.0, 0.0, 1.0]], [[0.4410506258960524, -0.892501047673029, 0.0944257660770952, -0.07440058496281748], [-0.8513639606541413, -0.44935742110184407, -0.27066088487255335, -0.042549339359194714], [0.28399604204283246, 0.038984458483421774, -0.9580325986628847, 1.1434172475252378], [0.0, 0.0, 0.0, 1.0]], [[0.4940687684420412, -0.8636439132838524, 0.10007618646770257, -0.07772023985047971], [-0.83658767406794, -0.5035844482622136, -0.2156936880533042, -0.04468046500579165], [0.23667935196750656, 0.022845010750613057, -0.9713192007965484, 1.1558085691591362], [0.0, 0.0, 0.0, 1.0]], [[0.5952651408581774, -0.8009797538128846, 0.06395972217689064, -0.0796526230558184], [-0.7675202773623967, -0.5903465739986198, -0.24980701832743163, -0.04553616495795863], [0.23784876690166787, 0.0996110262468109, -0.9661809393345603, 1.1499752877566563], [0.0, 0.0, 0.0, 1.0]], [[0.6957461314623986, -0.7070857773725298, 0.12636069006060519, -0.08004915546238424], [-0.6573695911102811, -0.697709073942598, -0.2847231441622971, -0.04456270719343046], [0.2894866857708812, 0.11502935093117596, -0.9502450774330501, 1.1506222893419986], [0.0, 0.0, 0.0, 1.0]], [[0.7732770074443935, -0.6270277946511167, 0.09422746145790349, -0.07831071947456363], [-0.581606070652902, -0.7606093811165383, -0.2884575322941112, -0.044162761961402654], [0.25254118146855825, 0.16825431374105576, -0.9528449179011195, 1.1475173143910682], [0.0, 0.0, 0.0, 1.0]], [[1.0, 0.0, 0.0, 0.0], [0.0, 1.0, 0.0, 0.0], [0.0, 0.0, 1.0, 0.0], [0.0, 0.0, 0.0, 1.0]], [[0.9083659114819185, -0.40492137357236413, 0.10445119473655531, -0.07148048773710731], [-0.3512275238631437, -0.8743201386856663, -0.33496794110726785, -0.05190426344356841], [0.22695946188381025, 0.26758732464925755, -0.9364221411032869, 1.1484659830705068], [0.0, 0.0, 0.0, 1.0]], [[0.9648885470011388, -0.2457995796865854, 0.09258865206886907, -0.06970031454883416], [-0.19888430752441544, -0.9139625339286735, -0.353719548223182, -0.054495011603302654], [0.1715666753380909, 0.3228855109796291, -0.9307576605716753, 1.157497996313299], [0.0, 0.0, 0.0, 1.0]], [[0.9927079466154805, -0.11139680581664783, 0.04606174530264105, -0.06887217402346098], [-0.08990563520393312, -0.9387474183488965, -0.3326714013886063, -0.056643945007430294], [0.08029887598873738, 0.32610433330014177, -0.9419172226463509, 1.1671380049302726], [0.0, 0.0, 0.0, 1.0]], [[0.9991666942054277, 0.00476891891335226, 0.04053609012961044, -0.06757601273814481], [0.01778612888795744, -0.9447673732904687, -0.32725871109110155, -0.05868927455156235], [0.036736505138336116, 0.32770698463448406, -0.9440649137702317, 1.1802389003511817], [0.0, 0.0, 0.0, 1.0]], [[0.9899600650910672, 0.14121866172566463, -0.006029851184149865, -0.06416583919941625], [0.13139353964657444, -0.935133883010108, -0.3290294190275114, -0.0643940119906598], [-0.05210381237524526, 0.3249337015867236, -0.9443004195218359, 1.175683252249604], [0.0, 0.0, 0.0, 1.0]], [[0.962039307502548, 0.2630069752919145, 0.07285397564866394, -0.05900612770500567], [0.2720924638868665, -0.903687441179403, -0.33062773590640765, -0.0722739578962315], [-0.021120177934670546, 0.3378998958307345, -0.9409450560375917, 1.1890483365410707], [0.0, 0.0, 0.0, 1.0]], [[0.9245693942922522, 0.3685161629276567, 0.0967846723357257, -0.05185271577506185], [0.3783740514017397, -0.8581985667236368, -0.3468836941963822, -0.07734764756243077], [-0.04477178088808485, 0.3573388556182665, -0.9329010825921134, 1.1726223672036569], [0.0, 0.0, 0.0, 1.0]], [[0.8804937274301688, 0.46968025414594156, 0.06427483816806895, -0.04573877700060924], [0.45982532485542377, -0.8131989333020134, -0.35674664048603416, -0.0805977959638689], [-0.11528862293275813, 0.34366837757040064, -0.9319874353661626, 1.183489559785589], [0.0, 0.0, 0.0, 1.0]], [[0.8211407876374233, 0.5633497038329687, 0.09145992603046599, -0.035358579302861605], [0.560794522654986, -0.7666594316887763, -0.3126384799777678, -0.08264499747377971], [-0.10600618018945043, 0.3080104332550266, -0.9454587578354186, 1.1878914392789646], [0.0, 0.0, 0.0, 1.0]], [[0.7534277782334017, 0.6377430053131664, 0.1600951034866766, -0.023357740858032414], [0.650820204785788, -0.6886000371405264, -0.3197859438634701, -0.0830379442426967], [-0.09369975468945507, 0.3451287412317266, -0.933866429392844, 1.184316518725831], [0.0, 0.0, 0.0, 1.0]], [[0.6717370050279984, 0.7081768476191338, 0.21738203369239323, -0.008709564664326043], [0.7352118420715209, -0.6013861417152586, -0.31272712679049114, -0.08335173103413258], [-0.09073556829499442, 0.3698922289654935, -0.9246333303516175, 1.1883192298818206], [0.0, 0.0, 0.0, 1.0]], [[0.5973631490048845, 0.7871296211913601, 0.15357157176415667, 0.004629687180654062], [0.7962174851522497, -0.5592056595932482, -0.23092584657570744, -0.08411942530083576], [-0.0958904820552837, 0.26022296155801855, -0.9607752212298043, 1.1969741646787182], [0.0, 0.0, 0.0, 1.0]], [[0.5329323271051467, 0.8359486030470651, 0.13104605217232804, 0.01805075420216181], [0.8257335039077065, -0.47997166536442915, -0.2962961035376569, -0.08477766765268861], [-0.1847899219400068, 0.2661148878040397, -0.946063185648004, 1.1809373814647228], [0.0, 0.0, 0.0, 1.0]], [[0.4418097062621166, 0.8964090008525545, 0.035427202021989956, 0.027857075021217505], [0.865048954081612, -0.4152256614297942, -0.28156341582758754, -0.08598330426253423], [-0.23768569686645236, 0.15504371409610507, -0.9588883961256358, 1.1953972524511611], [0.0, 0.0, 0.0, 1.0]], [[0.38553688046574563, 0.9226849544813652, -0.003713296980041636, 0.03627757912979515], [0.8820200347012704, -0.3697210638620465, -0.2921420772882367, -0.08818802310017483], [-0.27092798339468493, 0.10935634279929712, -0.9563677211738443, 1.1976034812668586], [0.0, 0.0, 0.0, 1.0]], [[0.313783408297308, 0.943525459946561, -0.10629994877681984, 0.04121319415480824], [0.889790859545843, -0.3312769607123559, -0.3138913849882685, -0.0905315864316957], [-0.3313792373489831, 0.003909185824975819, -0.9434895438319346, 1.2004039303863379], [0.0, 0.0, 0.0, 1.0]], [[0.2669293939490782, 0.9509665187983595, -0.15624141182960216, 0.047388025483822475], [0.9005903126271139, -0.30385598708561257, -0.31081928497830624, -0.09201813064700061], [-0.3430536218263486, -0.05774269855797795, -0.9375393289430941, 1.21028065689756], [0.0, 0.0, 0.0, 1.0]], [[0.23209819762678774, 0.9599416956916849, -0.15697887606607822, 0.05113336808871759], [0.9175360909013088, -0.26964001884238864, -0.2922700500089283, -0.09279594171161766], [-0.3228899945057785, -0.07619843247238701, -0.9433641133394938, 1.2065183728425422], [0.0, 0.0, 0.0, 1.0]], [[0.19120755775019926, 0.969962386277053, -0.15037499481938346, 0.05524147203935146], [0.9355666770628437, -0.22644042023011546, -0.2709976547049764, -0.09428521548035061], [-0.2969085088521263, -0.08886903450434261, -0.9507616063332979, 1.206778647447739], [0.0, 0.0, 0.0, 1.0]], [[0.16107957728813016, 0.9674140108522038, -0.1953548089695512, 0.059094533875835076], [0.9433204022819406, -0.20911049725452535, -0.25771965112618633, -0.09680072376772293], [-0.2901723426161002, -0.14276880452261828, -0.9462648043945558, 1.2055586773786018], [0.0, 0.0, 0.0, 1.0]], [[0.12397584907579773, 0.9724100864268936, -0.19760721814037002, 0.06232110295933496], [0.9486157529890189, -0.17457380742037665, -0.26391691674432266, -0.0976734452472164], [-0.29113251626537945, -0.1547339961934484, -0.944086462351301, 1.1863914890387053], [0.0, 0.0, 0.0, 1.0]], [[0.11647284057859952, 0.9791592427065342, -0.1663768458347456, 0.06583030451756813], [0.9621135469241521, -0.15281277461944687, -0.22580030721443617, -0.10116664421520803], [-0.2465189652594295, -0.13377381408733413, -0.9598609099405745, 1.2027181184440072], [0.0, 0.0, 0.0, 1.0]], [[0.11541488917235654, 0.9754743955732702, -0.18742760452584115, 0.06410618862802282], [0.9536669306431241, -0.16159659903895418, -0.25378322359203703, -0.10251352442061322], [-0.2778467000974725, -0.14945314570127383, -0.9489283263160285, 1.1912538308484133], [0.0, 0.0, 0.0, 1.0]], [[0.1513911611690112, 0.9732519865253976, -0.17280418699865413, 0.06210387295813647], [0.9516751058584595, -0.19076678685552195, -0.24067099102739772, -0.10216999583086112], [-0.26719881962536496, -0.1280179821633948, -0.9551000926780525, 1.1860363614250207], [0.0, 0.0, 0.0, 1.0]], [[0.2050985633951724, 0.9650802580759752, -0.1629560516373844, 0.06048166200132478], [0.9361473985949398, -0.24201726556936787, -0.25506017186196106, -0.10360603735145218], [-0.2855917145107045, -0.10023840899742617, -0.9530947665182623, 1.1901187711481311], [0.0, 0.0, 0.0, 1.0]], [[0.29236066424650187, 0.9496302003623317, -0.1128172174853708, 0.058199203300514715], [0.9072697717575807, -0.3127243712857328, -0.2811850438037031, -0.103401044792857], [-0.30230250289452, -0.020148204975645317, -0.9529990800520052, 1.1882345373073708], [0.0, 0.0, 0.0, 1.0]], [[0.36509386372631003, 0.9190817347312902, -0.14830790792374068, 0.05597777241837194], [0.8762670497283266, -0.39305574498897555, -0.27868124962324925, -0.10326362233623455], [-0.31442412157754196, -0.02821251875468822, -0.9488632807500286, 1.1763887795401946], [0.0, 0.0, 0.0, 1.0]], [[0.4391509220713735, 0.8836365747521405, -0.16227406263530839, 0.05367679219585747], [0.8368711223019006, -0.46804094557579023, -0.28387391201319967, -0.10290181214955889], [-0.3267922769910889, -0.01113898670549493, -0.9450305448365964, 1.1648128202782786], [0.0, 0.0, 0.0, 1.0]], [[0.5314196258615206, 0.8322548879121456, -0.15793980750761483, 0.051287047271249525], [0.7845167120212602, -0.5538606416119157, -0.27887617006941984, -0.10356277356327823], [-0.3195726987847235, 0.024293851476840267, -0.9472502831732855, 1.1617960388568291], [0.0, 0.0, 0.0, 1.0]], [[0.629618095015092, 0.7664031090194084, -0.12730800805507522, 0.046153383200836694], [0.7002671277621128, -0.6308053443017465, -0.33423130819262825, -0.10317089353705901], [-0.3364624855840057, 0.12128846641680129, -0.9338533630655796, 1.1615827171769715], [0.0, 0.0, 0.0, 1.0]], [[0.7266368438919811, 0.6772928383731117, -0.11520984414187592, 0.037379150183585265], [0.6057002949227962, -0.7106957136353833, -0.35782503455003123, -0.10030789636017384], [-0.3242314756915792, 0.19022621719623004, -0.9266541622752652, 1.1537118535503352], [0.0, 0.0, 0.0, 1.0]], [[0.8015969349936619, 0.5817150143559932, -0.13802172249893616, 0.027938734913436795], [0.5044436842338512, -0.7819840116454587, -0.36611142425148874, -0.09652171677695114], [-0.3209032926682822, 0.2238496093444921, -0.9202784519649327, 1.159516076875856], [0.0, 0.0, 0.0, 1.0]], [[0.8567487546296735, 0.48929183885955646, -0.1630186120230968, 0.016804432232979873], [0.382432781277729, -0.814804035999832, -0.4357058075382576, -0.09146897399916672], [-0.34601551879169207, 0.3109467467972905, -0.8852035819016425, 1.1424286797492966], [0.0, 0.0, 0.0, 1.0]], [[0.8924070264961093, 0.41368576423530934, -0.1802048487955303, 0.009468011476889481], [0.309162490612533, -0.8514550153748479, -0.4236070244829198, -0.08855647396012521], [-0.3286765179604825, 0.3223173052475861, -0.8877405596678046, 1.1522151191085273], [0.0, 0.0, 0.0, 1.0]], [[0.9353277338504167, 0.3097458954519671, -0.1709371537756018, -6.404212152271663e-05], [0.23248168186637466, -0.9023299078966588, -0.3629779675294205, -0.08303243794903735], [-0.2666726418041912, 0.2997636028037199, -0.9159844346643163, 1.1674465583172928], [0.0, 0.0, 0.0, 1.0]], [[0.9694034712384404, 0.17157377778635868, -0.17555440389514052, -0.012127703499606332], [0.10670865075594999, -0.9386034155473132, -0.32808061841072306, -0.07306480415312776], [-0.221065994229564, 0.29930931675949374, -0.9281938154805058, 1.175658565455523], [0.0, 0.0, 0.0, 1.0]], [[0.986531370233, 0.07274414319558062, -0.14650646803790257, -0.02823729216853278], [0.014117502079474153, -0.9301923839374585, -0.366800797436134, -0.06479883968615578], [-0.16296181049938097, 0.3597921879300447, -0.9186909326989546, 1.1582924707084723], [0.0, 0.0, 0.0, 1.0]], [[0.9977791306518591, 0.024450158653842674, -0.061959633451327, -0.044492118452375745], [-0.0018645867426587848, -0.9195771543210142, -0.39290505286537725, -0.05945116492465067], [-0.06658325429039931, 0.39214799118785204, -0.9174893041640498, 1.1566244858493426], [0.0, 0.0, 0.0, 1.0]], [[0.9983321216648846, -0.0006101492178115578, 0.05772869797615994, -0.05986421813315886], [0.019825387485559613, -0.9355119681370002, -0.3527383045311125, -0.052961506849023815], [0.05422111086226568, 0.3532944737614338, -0.9339395515484359, 1.16056130456716], [0.0, 0.0, 0.0, 1.0]], [[0.9790353257765535, -0.03614632814218205, 0.20045766097466916, -0.06931104277513654], [0.031239935143291403, -0.9458392732815081, -0.3231286672063494, -0.048051055178742426], [0.20128064321697864, 0.3226166642939364, -0.92488085210259, 1.1626585883385008], [0.0, 0.0, 0.0, 1.0]], [[0.9523864517678392, -0.03699228065078251, 0.3026410706783177, -0.07170410372554883], [0.053216340990418214, -0.9572072843352711, -0.28446833895371715, -0.046874944578310256], [0.3002133700231492, 0.2870292423913444, -0.9096626553132731, 1.161653091850279], [0.0, 0.0, 0.0, 1.0]], [[0.914920660491369, -0.05393817951995743, 0.4000135720148889, -0.06800237119743316], [0.06453123982878745, -0.9587368417862155, -0.2768743167719837, -0.047352566565133425], [0.3984418453076903, 0.2791314045245825, -0.8736874469259225, 1.151935977924716], [0.0, 0.0, 0.0, 1.0]], [[0.8872449040111993, -0.05663192567628141, 0.45780924553830554, -0.06544988241394745], [0.053342199194649186, -0.9731827640855887, -0.22376308335338016, -0.04804233672115752], [0.45820420130247036, 0.22295320737977628, -0.8604305766462716, 1.1552271637271312], [0.0, 0.0, 0.0, 1.0]], [[1.0, 0.0, 0.0, 0.0], [0.0, 1.0, 0.0, 0.0], [0.0, 0.0, 1.0, 0.0], [0.0, 0.0, 0.0, 1.0]], [[1.0, 0.0, 0.0, 0.0], [0.0, 1.0, 0.0, 0.0], [0.0, 0.0, 1.0, 0.0], [0.0, 0.0, 0.0, 1.0]], [[1.0, 0.0, 0.0, 0.0], [0.0, 1.0, 0.0, 0.0], [0.0, 0.0, 1.0, 0.0], [0.0, 0.0, 0.0, 1.0]], [[0.7544916770668569, -0.03156591775098373, 0.655550075946438, -0.053909693710278775], [0.07695692143234178, -0.9876972630570776, -0.13613136594192513, -0.04385168769162207], [0.651782127309808, 0.15315909828050076, -0.7427801485859764, 1.1358960392076773], [0.0, 0.0, 0.0, 1.0]], [[0.7518673920971272, -0.04484766295702891, 0.6577872846356617, -0.05163852452334844], [0.07965834138598249, -0.9841961176525051, -0.15815356665396568, -0.04474152492547282], [0.6544845096323507, 0.1713087537898424, -0.7364124778453122, 1.1444410527686857], [0.0, 0.0, 0.0, 1.0]], [[1.0, 0.0, 0.0, 0.0], [0.0, 1.0, 0.0, 0.0], [0.0, 0.0, 1.0, 0.0], [0.0, 0.0, 0.0, 1.0]], [[0.7596488340602174, -0.06295890478852867, 0.6472787847742126, -0.04855835654702338], [0.08348494739954432, -0.9776270068912803, -0.19306915588589446, -0.04843313901922701], [0.6449526435860603, 0.2007027944614262, -0.7373970950761379, 1.1281270229079026], [0.0, 0.0, 0.0, 1.0]], [[1.0, 0.0, 0.0, 0.0], [0.0, 1.0, 0.0, 0.0], [0.0, 0.0, 1.0, 0.0], [0.0, 0.0, 0.0, 1.0]], [[1.0, 0.0, 0.0, 0.0], [0.0, 1.0, 0.0, 0.0], [0.0, 0.0, 1.0, 0.0], [0.0, 0.0, 0.0, 1.0]], [[0.9185668181137092, -0.09493350672083398, 0.3836960124397188, -0.057399683302670354], [-0.004367604092573606, -0.9731077769225167, -0.23030887635392636, -0.0363560095541269], [0.39524160294046223, 0.20987825946153396, -0.8942791463018978, 1.1700024559901077], [0.0, 0.0, 0.0, 1.0]], [[0.948184268550693, -0.1289261538898055, 0.2903870515642359, -0.0576964191258995], [-0.030118868560676956, -0.9463267596259308, -0.321805092831842, -0.03276022076405555], [0.31629013046507265, 0.2963843971248621, -0.9011752562689009, 1.1580098263632788], [0.0, 0.0, 0.0, 1.0]], [[0.9816254602659313, -0.12359684375517843, 0.1453797646560816, -0.06113429366439128], [-0.07486866268712952, -0.950252828284137, -0.30234788850831945, -0.03328459969527601], [0.1755167772753946, 0.28590799665584093, -0.9420459003377187, 1.1897319887466797], [0.0, 0.0, 0.0, 1.0]], [[0.9911666308896989, -0.12597110338278328, 0.04147277327701933, -0.06282557184313416], [-0.11184051498026536, -0.9619964835994832, -0.24910733580362168, -0.03615738318956471], [0.07127698800953894, 0.242268542437423, -0.9675874866520002, 1.2024026148269626], [0.0, 0.0, 0.0, 1.0]], [[0.9874055655957434, -0.12445203034775783, -0.09768286017961332, -0.06219923271125183], [-0.1471980377771136, -0.9489769173479586, -0.2788826778689082, -0.037069115485621834], [-0.057991264041375765, 0.28974903361890014, -0.9553441844758342, 1.2065757520560678], [0.0, 0.0, 0.0, 1.0]], [[0.9773210439041771, -0.10941265950491272, -0.1813076034867605, -0.05992782592539465], [-0.1591009245275433, -0.9444133223650416, -0.2876984051987514, -0.036796068551852176], [-0.13975146853085774, 0.3100199130370273, -0.9404026693730632, 1.215780583977108], [0.0, 0.0, 0.0, 1.0]], [[0.9509519993161486, -0.07852655326786986, -0.29920540675009366, -0.05525591711954211], [-0.17436023693967986, -0.935019971046198, -0.3087655445789017, -0.035960125867779226], [-0.2555167367726805, 0.34579073755182543, -0.9028510193007512, 1.2215240333537998], [0.0, 0.0, 0.0, 1.0]], [[0.911659042849069, -0.05188096052643168, -0.4076593621228067, -0.046726089585003246], [-0.18768785260407886, -0.9350585284454443, -0.3007304746218943, -0.03744669820643505], [-0.3655831773706066, 0.3506763669201206, -0.8621919891226759, 1.2178287643174328], [0.0, 0.0, 0.0, 1.0]], [[0.6602680253124373, 0.16114547345656247, -0.7335381865550525, -0.021444056185511394], [-0.22107945247778107, -0.8917300432222781, -0.3948941702620063, -0.037394111317636106], [-0.7177534468340359, 0.4229062146614237, -0.5531548817090983, 1.220742622208667], [0.0, 0.0, 0.0, 1.0]], [[0.7867781790507915, 0.011763867701236122, -0.6171237383104213, -0.015297319861795123], [-0.19929410090840388, -0.9414257915611822, -0.27202819766802194, -0.04268655640129332], [-0.5841763075584565, 0.33701497058752344, -0.7383488005592332, 1.2174279828858903], [0.0, 0.0, 0.0, 1.0]], [[1.0, 0.0, 0.0, 0.0], [0.0, 1.0, 0.0, 0.0], [0.0, 0.0, 1.0, 0.0], [0.0, 0.0, 0.0, 1.0]], [[0.28128416234772446, 0.9275479239670777, -0.24603672237432958, 0.07960080153383274], [0.7434404452934565, -0.04851682079280384, 0.6670400455759953, 0.020148659514049275], [0.6067746899090353, -0.370541450912746, -0.703223654921584, 0.2504908641723492], [0.0, 0.0, 0.0, 1.0]], [[1.0, 0.0, 0.0, 0.0], [0.0, 1.0, 0.0, 0.0], [0.0, 0.0, 1.0, 0.0], [0.0, 0.0, 0.0, 1.0]], [[1.0, 0.0, 0.0, 0.0], [0.0, 1.0, 0.0, 0.0], [0.0, 0.0, 1.0, 0.0], [0.0, 0.0, 0.0, 1.0]], [[1.0, 0.0, 0.0, 0.0], [0.0, 1.0, 0.0, 0.0], [0.0, 0.0, 1.0, 0.0], [0.0, 0.0, 0.0, 1.0]], [[1.0, 0.0, 0.0, 0.0], [0.0, 1.0, 0.0, 0.0], [0.0, 0.0, 1.0, 0.0], [0.0, 0.0, 0.0, 1.0]], [[1.0, 0.0, 0.0, 0.0], [0.0, 1.0, 0.0, 0.0], [0.0, 0.0, 1.0, 0.0], [0.0, 0.0, 0.0, 1.0]], [[0.7843625796369632, 0.09611004373816184, -0.6128117191747374, 0.04340673623963488], [-0.1905740744425808, -0.9028066755358373, -0.3855147581588585, -0.05459309638507899], [-0.5903023511859006, 0.41916937638689455, -0.6898116903067241, 1.1931122288685414], [0.0, 0.0, 0.0, 1.0]], [[0.839779606183167, 0.07036534985005626, -0.538348335726344, 0.041991734442525214], [-0.2189278067798779, -0.8634904995182134, -0.45437294446339876, -0.053291232792911716], [-0.49683078453070684, 0.49943255278592485, -0.7097367799123397, 1.1749142913036403], [0.0, 0.0, 0.0, 1.0]], [[0.8809543634985043, 0.039852280152741726, -0.471520100525495, 0.04195016639148962], [-0.2375768525085306, -0.8245091783801146, -0.513558033642828, -0.05118854804751357], [-0.4092391093054101, 0.5644434520247139, -0.7168869791545519, 1.1805988930321127], [0.0, 0.0, 0.0, 1.0]], [[0.9216679276672719, 0.02674488482371057, -0.3870567687630366, 0.04091037515667302], [-0.21566046780171666, -0.7939861157251581, -0.5683982852395145, -0.05049044402457816], [-0.32251944706801955, 0.6073473134635917, -0.7260237235046088, 1.1613099446377098], [0.0, 0.0, 0.0, 1.0]], [[1.0, 0.0, 0.0, 0.0], [0.0, 1.0, 0.0, 0.0], [0.0, 0.0, 1.0, 0.0], [0.0, 0.0, 0.0, 1.0]], [[1.0, 0.0, 0.0, 0.0], [0.0, 1.0, 0.0, 0.0], [0.0, 0.0, 1.0, 0.0], [0.0, 0.0, 0.0, 1.0]], [[1.0, 0.0, 0.0, 0.0], [0.0, 1.0, 0.0, 0.0], [0.0, 0.0, 1.0, 0.0], [0.0, 0.0, 0.0, 1.0]], [[1.0, 0.0, 0.0, 0.0], [0.0, 1.0, 0.0, 0.0], [0.0, 0.0, 1.0, 0.0], [0.0, 0.0, 0.0, 1.0]], [[1.0, 0.0, 0.0, 0.0], [0.0, 1.0, 0.0, 0.0], [0.0, 0.0, 1.0, 0.0], [0.0, 0.0, 0.0, 1.0]], [[1.0, 0.0, 0.0, 0.0], [0.0, 1.0, 0.0, 0.0], [0.0, 0.0, 1.0, 0.0], [0.0, 0.0, 0.0, 1.0]], [[1.0, 0.0, 0.0, 0.0], [0.0, 1.0, 0.0, 0.0], [0.0, 0.0, 1.0, 0.0], [0.0, 0.0, 0.0, 1.0]], [[1.0, 0.0, 0.0, 0.0], [0.0, 1.0, 0.0, 0.0], [0.0, 0.0, 1.0, 0.0], [0.0, 0.0, 0.0, 1.0]], [[1.0, 0.0, 0.0, 0.0], [0.0, 1.0, 0.0, 0.0], [0.0, 0.0, 1.0, 0.0], [0.0, 0.0, 0.0, 1.0]], [[0.9845757100237399, -0.1717133597771672, 0.03354390116377673, 0.017659384648873844], [-0.07489851022421573, -0.5869375429746679, -0.8061603648239305, -0.05452537299077625], [0.15811667969395618, 0.7912135253652436, -0.5907455229467777, 1.1465668870736232], [0.0, 0.0, 0.0, 1.0]], [[0.9779462979861814, -0.1819306436118372, 0.10257816127278538, 0.01606250583609713], [-0.034801936527351654, -0.626223005775799, -0.7788668514265258, -0.058541863621658426], [0.2059365520471513, 0.7581200353190161, -0.6187440089235812, 1.1519212820476334], [0.0, 0.0, 0.0, 1.0]], [[0.9593205625335259, -0.1844366663911305, 0.213745583324863, 0.01563422716203375], [0.03553598857764874, -0.6721989717560594, -0.7395172316355485, -0.061049373137010546], [0.28007365427003006, 0.7170297472634055, -0.6383001564493058, 1.1496465597522603], [0.0, 0.0, 0.0, 1.0]], [[0.9373730363152109, -0.18112595372252588, 0.2975318128827706, 0.012853843654311994], [0.0849443500587645, -0.7095208680673043, -0.6995459921764352, -0.06303314828587732], [0.3378109651599496, 0.6810091971956945, -0.6497001040115193, 1.1429880947798114], [0.0, 0.0, 0.0, 1.0]], [[0.9227628398241514, -0.15324195474574157, 0.35358965588004965, 0.009562832897385774], [0.11488878473424809, -0.7664189939550842, -0.631982984618387, -0.06386310187718636], [0.3678441362614816, 0.6237938994656654, -0.6896171854061236, 1.155583228903698], [0.0, 0.0, 0.0, 1.0]], [[1.0, 0.0, 0.0, 0.0], [0.0, 1.0, 0.0, 0.0], [0.0, 0.0, 1.0, 0.0], [0.0, 0.0, 0.0, 1.0]], [[1.0, 0.0, 0.0, 0.0], [0.0, 1.0, 0.0, 0.0], [0.0, 0.0, 1.0, 0.0], [0.0, 0.0, 0.0, 1.0]], [[1.0, 0.0, 0.0, 0.0], [0.0, 1.0, 0.0, 0.0], [0.0, 0.0, 1.0, 0.0], [0.0, 0.0, 0.0, 1.0]], [[1.0, 0.0, 0.0, 0.0], [0.0, 1.0, 0.0, 0.0], [0.0, 0.0, 1.0, 0.0], [0.0, 0.0, 0.0, 1.0]], [[1.0, 0.0, 0.0, 0.0], [0.0, 1.0, 0.0, 0.0], [0.0, 0.0, 1.0, 0.0], [0.0, 0.0, 0.0, 1.0]], [[0.7544036493921967, 0.1185055459952019, 0.6456249448031844, -0.013065049353064911], [0.26612230517299795, -0.9543267166414209, -0.1357918870692017, -0.05465846208232202], [0.6000450420369671, 0.27425709375107177, -0.7514845268227884, 1.1452099332337782], [0.0, 0.0, 0.0, 1.0]], [[0.7395829458499632, 0.1582732735047282, 0.6541915905161032, -0.014582949870465307], [0.25854178456747967, -0.9641957554858478, -0.05901432652956598, -0.05150966458892875], [0.6214283642066513, 0.21278185072315922, -0.7540229917995028, 1.158210459750607], [0.0, 0.0, 0.0, 1.0]], [[0.7106410379714937, 0.17637104179656432, 0.6810892531573169, -0.014787588469175324], [0.2384468832176127, -0.9711518118054006, 0.002691154193684181, -0.0484875008354439], [0.6619157038736907, 0.16049116499883279, -0.7321954567755211, 1.1499856425369874], [0.0, 0.0, 0.0, 1.0]], [[0.6921399975941779, 0.19102989473969256, 0.6960242833738445, -0.014393200331535934], [0.21603627607224518, -0.9749590780317888, 0.052755318065963494, -0.04441663254633567], [0.6886730364629999, 0.11385242851668241, -0.7160775610013801, 1.1461449002962936], [0.0, 0.0, 0.0, 1.0]], [[0.6761713381887394, 0.181662228151034, 0.7139966080278328, -0.012473614044437482], [0.17488537539414706, -0.9810011142274175, 0.08397570695036406, -0.03988227829617644], [0.7156866820650623, 0.06808559868112214, -0.6950949031369282, 1.137082450351703], [0.0, 0.0, 0.0, 1.0]], [[0.69568886646683, 0.12862746162864244, 0.7067333140506896, -0.011318583954680878], [0.11105397254710479, -0.9912681266526118, 0.07109512123998674, -0.03463069801781016], [0.7097069932412993, 0.02902545774994146, -0.7038987899881638, 1.1437201705690818], [0.0, 0.0, 0.0, 1.0]], [[0.7452441130298668, 0.02412468172119559, 0.6663551693550361, -0.010351092020089927], [0.02435216771915557, -0.9996633193070076, 0.00895655957797326, -0.029408767800732], [0.6663468945839742, 0.00955236954617431, -0.7455806920208888, 1.1326653955565684], [0.0, 0.0, 0.0, 1.0]], [[0.7626549317202755, -0.04055153050153784, 0.6455331350881413, -0.010633036832099471], [-0.02155686509085559, -0.9990718606123858, -0.03729234371771585, -0.02482378625308303], [0.6464462519731986, 0.014525519146951516, -0.7628212455112373, 1.132063433221797], [0.0, 0.0, 0.0, 1.0]], [[1.0, 0.0, 0.0, 0.0], [0.0, 1.0, 0.0, 0.0], [0.0, 0.0, 1.0, 0.0], [0.0, 0.0, 0.0, 1.0]], [[1.0, 0.0, 0.0, 0.0], [0.0, 1.0, 0.0, 0.0], [0.0, 0.0, 1.0, 0.0], [0.0, 0.0, 0.0, 1.0]], [[0.8693764642126389, -0.3114034493050951, 0.383682753370567, -0.01998799495956441], [-0.22929275072497382, -0.9420167943885576, -0.24500855812579506, -0.019724879775944587], [0.43773210750195757, 0.12502900003917147, -0.8903697834108587, 1.1180662849946879], [0.0, 0.0, 0.0, 1.0]], [[0.888084244623054, -0.36159844983512457, 0.2838184904637727, -0.024122897984165535], [-0.2761330911792822, -0.9132622296793257, -0.29950394955145526, -0.017533921292517036], [0.3675008713024691, 0.18761306169342623, -0.9109030951061395, 1.1289844796476673], [0.0, 0.0, 0.0, 1.0]], [[0.8955671802170132, -0.40498628725878744, 0.1842431351515995, -0.02726674946224838], [-0.3141069275167319, -0.8687721144945123, -0.3828470336344955, -0.01576115487749079], [0.31511309684642774, 0.2849931932679743, -0.9052527912062889, 1.1189330466678016], [0.0, 0.0, 0.0, 1.0]], [[0.9052390612805931, -0.42075640524819125, 0.059213928888825706, -0.029647537684761253], [-0.3735316482070954, -0.8544534904134126, -0.36108633387048444, -0.0162084223285295], [0.20252493604374194, 0.30475117745950725, -0.930650509115813, 1.137799387320353], [0.0, 0.0, 0.0, 1.0]], [[0.9028986692669354, -0.4248941970744873, -0.06510694531633181, -0.03110901795067115], [-0.4125856599846356, -0.814131084527405, -0.4086118578569079, -0.017160052414499326], [0.12061121925857372, 0.3957972947086147, -0.9103831255522601, 1.1347900683264434], [0.0, 0.0, 0.0, 1.0]], [[0.8934226950830587, -0.4251614690223547, -0.14502969754252787, -0.03309790411554336], [-0.44291402898147664, -0.7798229596649343, -0.44238367342253704, -0.01804005113225093], [0.07498700448690712, 0.4594713014304327, -0.8850215095238675, 1.133428979358043], [0.0, 0.0, 0.0, 1.0]], [[0.8845577140397022, -0.424331821435105, -0.1936495697140117, -0.033088700023290944], [-0.4627021408588003, -0.7458959726988493, -0.47910951436630883, -0.018050414169725998], [0.058858978733398085, 0.5134020872855929, -0.8561272787344518, 1.133204195454779], [0.0, 0.0, 0.0, 1.0]], [[0.8790757085805958, -0.4047302595045177, -0.2518319193925373, -0.03337398448025255], [-0.4766000113743625, -0.7364478962606112, -0.4801009531872204, -0.01705176314555243], [0.008850296123924073, 0.542068181260186, -0.8402879025213876, 1.132461138093347], [0.0, 0.0, 0.0, 1.0]], [[0.8914112483737188, -0.3836845729232928, -0.2411890021818528, -0.03348017109304973], [-0.4530290824785527, -0.739997572784